#(carId,StartTime,RoadID...)
(10035, 1, 5005, 5016, 5027)
(10048, 1, 5005, 5016, 5027, 5038, 5049)
(10103, 1, 5000, 5001, 5002, 5003, 5004, 5010, 5021, 5032, 5043, 5054)
(10015, 1, 5000, 5001, 5002, 5008, 5019, 5030, 5041)
(10034, 2, 5001, 5002, 5003, 5009, 5020, 5031)
(10045, 2, 5001, 5002, 5003, 5009, 5020, 5031, 5042)
(10055, 2, 5001, 5002, 5008, 5019, 5030)
(10115, 3, 5006, 5017, 5028, 5039)
(10077, 3, 5007, 5018, 5029, 5040)
(10065, 3, 5001, 5000, 5005, 5016, 5027, 5038, 5049)
(10078, 4, 5001, 5006, 5017, 5028, 5039, 5050)
(10028, 4, 5003, 5009, 5020, 5031, 5042, 5053)
(10062, 4, 5008, 5019, 5030)
(10090, 5, 5003, 5009, 5020, 5031)
(10022, 5, 5003, 5004, 5010, 5021, 5032, 5043)
(10049, 5, 5003, 5009, 5020, 5031)
(10059, 6, 5003, 5009, 5020, 5031, 5042)
(10107, 6, 5003, 5002, 5007, 5018, 5029, 5040, 5051)
(10126, 6, 5009, 5020, 5031, 5042, 5053)
(10068, 7, 5004, 5003, 5002, 5007, 5018, 5029, 5040, 5051)
(10036, 7, 5011, 5017, 5028, 5039, 5050)
(10114, 7, 5011, 5012, 5013, 5014, 5015, 5021, 5032, 5043)
(10002, 8, 5016, 5027, 5038, 5049)
(10118, 8, 5011, 5017, 5028, 5039)
(10054, 8, 5012, 5013, 5014, 5020, 5031, 5042, 5053)
(10101, 9, 5011, 5016, 5027, 5038, 5049)
(10122, 9, 5011, 5016, 5027, 5038, 5049)
(10032, 9, 5012, 5013, 5019, 5030, 5041, 5052)
(10017, 10, 5012, 5017, 5028, 5039, 5050)
(10069, 10, 5012, 5017, 5028, 5039, 5050)
(10081, 10, 5013, 5019, 5030, 5041)
(10104, 11, 5018, 5029, 5040, 5051)
(10051, 11, 5013, 5014, 5015, 5021, 5032, 5043)
(10053, 11, 5013, 5014, 5015, 5021, 5032, 5043)
(10084, 12, 5014, 5015, 5021, 5032, 5043)
(10125, 12, 5014, 5020, 5031, 5042, 5053)
(10110, 12, 5015, 5021, 5032, 5043)
(10039, 13, 5015, 5021, 5032, 5043, 5054)
(10098, 13, 5021, 5032, 5043)
(10021, 13, 5015, 5020, 5031, 5042, 5053)
(10061, 14, 5015, 5014, 5019, 5030, 5041, 5052)
(10018, 14, 5027, 5038, 5049)
(10063, 14, 5022, 5023, 5029, 5040, 5051)
(10052, 15, 5028, 5039, 5050)
(10100, 15, 5028, 5039, 5050)
(10117, 15, 5023, 5029, 5040, 5051)
(10060, 16, 5023, 5024, 5025, 5026, 5032, 5043, 5054)
(10097, 16, 5023, 5024, 5025, 5031, 5042, 5053)
(10109, 16, 5028, 5039, 5050)
(10000, 17, 5024, 5025, 5031, 5042, 5053)
(10050, 17, 5024, 5030, 5041, 5052)
(10011, 17, 5029, 5040, 5051)
(10019, 18, 5024, 5025, 5031, 5042, 5053)
(10079, 18, 5024, 5030, 5041, 5052)
(10001, 18, 5030, 5041, 5052)
(10105, 19, 5025, 5026, 5032, 5043, 5054)
(10041, 19, 5030, 5041, 5052)
(10047, 19, 5030, 5041, 5052)
(10014, 20, 5025, 5026, 5032, 5043, 5054)
(10056, 20, 5025, 5031, 5042, 5053)
(10070, 20, 5025, 5026, 5032, 5043, 5054)
(10112, 21, 5026, 5032, 5043, 5054)
(10075, 21, 5026, 5032, 5043, 5054)
(10067, 21, 5032, 5043, 5054)
(10029, 22, 5032, 5043, 5054)
(10088, 22, 5032, 5043, 5054)
(10027, 22, 5032, 5043, 5054)
(10037, 23, 5027, 5016, 5005)
(10093, 23, 5027, 5016, 5005)
(10127, 23, 5028, 5017, 5006)
(10005, 24, 5028, 5017, 5006)
(10102, 24, 5028, 5017, 5006)
(10120, 24, 5028, 5017, 5006)
(10006, 25, 5029, 5018, 5007, 5001)
(10012, 25, 5029, 5018, 5007, 5001)
(10023, 25, 5029, 5018, 5007, 5001)
(10087, 26, 5029, 5018, 5007, 5001, 5000)
(10004, 26, 5030, 5019, 5008, 5002, 5001)
(10016, 26, 5030, 5019, 5008, 5002, 5001, 5000)
(10046, 27, 5030, 5019, 5008, 5002, 5001, 5000)
(10089, 27, 5030, 5019, 5008, 5002)
(10094, 27, 5030, 5019, 5008)
(10044, 28, 5031, 5020, 5009, 5003, 5002, 5001)
(10073, 28, 5031, 5020, 5009, 5003, 5002, 5001)
(10007, 28, 5031, 5020, 5009, 5003, 5002, 5001)
(10064, 29, 5031, 5020, 5009, 5003, 5002, 5001, 5000)
(10080, 29, 5032, 5021, 5010, 5004, 5003, 5002, 5001)
(10095, 29, 5032, 5021, 5010)
(10058, 30, 5032, 5021, 5010, 5004, 5003)
(10024, 30, 5038, 5027, 5016, 5005, 5000, 5001, 5002, 5003)
(10108, 30, 5038, 5027, 5016)
(10086, 31, 5038, 5027, 5016, 5005, 5000, 5001)
(10113, 31, 5038, 5027, 5016, 5005, 5000, 5001, 5002, 5003)
(10119, 31, 5039, 5028, 5017, 5006, 5000)
(10030, 32, 5039, 5028, 5017, 5006)
(10026, 32, 5039, 5028, 5017, 5011)
(10106, 32, 5039, 5028, 5017, 5011)
(10020, 33, 5040, 5029, 5018, 5007, 5002, 5003)
(10082, 33, 5040, 5029, 5018, 5007, 5001, 5000)
(10043, 33, 5040, 5029, 5018)
(10092, 34, 5040, 5029, 5018, 5012, 5011)
(10116, 34, 5041, 5030, 5019, 5008, 5002, 5001)
(10124, 34, 5041, 5030, 5019, 5008, 5003)
(10009, 35, 5043, 5032, 5021, 5015, 5014, 5013, 5012)
(10008, 35, 5049, 5038, 5027, 5016, 5005)
(10057, 35, 5049, 5038, 5027, 5016, 5011, 5012, 5013)
(10042, 36, 5049, 5038, 5027, 5016, 5011, 5012)
(10040, 36, 5049, 5038, 5027, 5016, 5005, 5000, 5001, 5002, 5003, 5004)
(10031, 36, 5050, 5039, 5028, 5017, 5006, 5001, 5002, 5003)
(10111, 37, 5050, 5039, 5028, 5017, 5012, 5013)
(10033, 37, 5051, 5040, 5029, 5018, 5007, 5002, 5003, 5004)
(10074, 37, 5051, 5040, 5029, 5023)
(10076, 38, 5051, 5040, 5029, 5018, 5007, 5001)
(10010, 38, 5051, 5040, 5029, 5018, 5007, 5001)
(10121, 38, 5051, 5040, 5029, 5018, 5012, 5011)
(10072, 39, 5052, 5041, 5030, 5019, 5008, 5002, 5001)
(10085, 39, 5052, 5041, 5030, 5019, 5014, 5015)
(10003, 39, 5052, 5041, 5030, 5019, 5013, 5012, 5011)
(10096, 40, 5052, 5041, 5030, 5024, 5023)
(10091, 40, 5053, 5042, 5031, 5020, 5009)
(10025, 40, 5053, 5042, 5031, 5025)
(10038, 41, 5053, 5042, 5031, 5020, 5009, 5004)
(10066, 41, 5053, 5042, 5031, 5020, 5014, 5013, 5012, 5011)
(10013, 41, 5053, 5042, 5031, 5020, 5015)
(10071, 42, 5053, 5042, 5031, 5025)
(10123, 42, 5053, 5042, 5031, 5020)
(10099, 42, 5054, 5043, 5032, 5021)
(10083, 43, 5054, 5043, 5032, 5021, 5010)